!Trace Data File
!Measurement: Smith Chart
!Data Points: 391
#Freq/Hz  Real  Image
100000000  0.632593036  0.309885681  
110000000  0.555538297  -0.468742669  
120000000  -0.212529555  -0.697694123  
130000000  -0.702303410  -0.053050358  
140000000  -0.275640309  0.625447452  
150000000  0.500367939  0.480321854  
160000000  0.661531508  -0.298583478  
170000000  -0.011038518  -0.745065510  
180000000  -0.672169030  -0.274351865  
190000000  -0.473042637  0.505125284  
200000000  0.316900104  0.605040014  
210000000  0.704511940  -0.098853379  
220000000  0.190960631  -0.720764339  
230000000  -0.572873592  -0.473017395  
240000000  -0.636758387  0.313183695  
250000000  0.053622220  0.677300811  
260000000  0.663065016  0.172760144  
270000000  0.414184302  -0.586875379  
280000000  -0.375014275  -0.627606034  
290000000  -0.710156024  0.051449161  
300000000  -0.254774511  0.629077792  
310000000  0.474938363  0.459164798  
320000000  0.592764914  -0.307700366  
330000000  -0.099640973  -0.669260919  
340000000  -0.652852774  -0.151961938  
350000000  -0.378814667  0.527565658  
360000000  0.348731607  0.529092550  
370000000  0.610979438  -0.161282748  
380000000  0.040761590  -0.633834600  
390000000  -0.576674283  -0.258290470  
400000000  -0.449584305  0.428618670  
410000000  0.224716172  0.572987080  
420000000  0.620443463  -0.001888811  
430000000  0.223009944  -0.586036325  
440000000  -0.458817899  -0.417513669  
450000000  -0.544506013  0.262833625  
460000000  0.041211762  0.601066887  
470000000  0.592324674  0.200686529  
480000000  0.445475399  -0.477602750  
490000000  -0.247563049  -0.603001356  
500000000  -0.620583892  -0.007377102  
510000000  -0.204620481  0.554603994  
520000000  0.472230226  0.373801559  
530000000  0.557843089  -0.322017193  
540000000  -0.048424892  -0.666476786  
550000000  -0.603755236  -0.248723909  
560000000  -0.430962950  0.430159003  
570000000  0.279624462  0.515947938  
580000000  0.607036293  -0.128386870  
590000000  0.125451222  -0.654439807  
600000000  -0.531785429  -0.418947250  
610000000  -0.579664826  0.274418652  
620000000  0.061331816  0.593938529  
630000000  0.595391810  0.085443750  
640000000  0.291554689  -0.584195971  
650000000  -0.416536689  -0.549623489  
660000000  -0.671232879  0.087327749  
670000000  -0.194979131  0.596277893  
680000000  0.483899564  0.332455069  
690000000  0.444311440  -0.413313389  
700000000  -0.255239278  -0.602983475  
710000000  -0.670353174  -0.057668637  
720000000  -0.361423969  0.539423704  
730000000  0.332186222  0.506370246  
740000000  0.556025445  -0.181033775  
750000000  -0.024139982  -0.605747879  
760000000  -0.590741515  -0.224609450  
770000000  -0.468969554  0.417567253  
780000000  0.169732794  0.573967099  
790000000  0.569996238  0.022980517  
800000000  0.173727930  -0.544241250  
810000000  -0.472018450  -0.357123882  
820000000  -0.530437827  0.284933835  
830000000  0.029179761  0.595089078  
840000000  0.548685551  0.197810441  
850000000  0.369828999  -0.444228381  
860000000  -0.286746919  -0.505222559  
870000000  -0.574522257  0.068147115  
880000000  -0.152100876  0.547922373  
890000000  0.460064322  0.329060078  
900000000  0.476891011  -0.327042013  
910000000  -0.115421452  -0.581705928  
920000000  -0.571199715  -0.147267982  
930000000  -0.347040504  0.448389798  
940000000  0.311170816  0.453063577  
950000000  0.538317919  -0.176295802  
960000000  0.046017613  -0.601776838  
970000000  -0.521685600  -0.342739075  
980000000  -0.537351310  0.282860577  
990000000  0.062912993  0.560951769  
1000000000  0.539430976  0.056737810  
1010000000  0.215825230  -0.537520051  
1020000000  -0.415799469  -0.471352845  
1030000000  -0.631781995  0.105297342  
1040000000  -0.190234110  0.574653029  
1050000000  0.450116634  0.311490446  
1060000000  0.379859984  -0.390318185  
1070000000  -0.265959978  -0.542666495  
1080000000  -0.647642612  -0.053863440  
1090000000  -0.388763666  0.515235603  
1100000000  0.281489879  0.512315452  
1110000000  0.497681379  -0.161347672  
1120000000  -0.071428098  -0.545960546  
1130000000  -0.591443658  -0.179022759  
1140000000  -0.488789052  0.430162668  
1150000000  0.130196095  0.606982529  
1160000000  0.540608346  0.064824425  
1170000000  0.150826693  -0.491398871  
1180000000  -0.463587254  -0.315839380  
1190000000  -0.537476480  0.291455328  
1200000000  -0.000449500  0.612610877  
1210000000  0.516438782  0.214924112  
1220000000  0.310101688  -0.407105356  
1230000000  -0.320224673  -0.420878679  
1240000000  -0.561262310  0.136951283  
1250000000  -0.140713900  0.582231700  
1260000000  0.450947374  0.354478568  
1270000000  0.450291812  -0.283465922  
1280000000  -0.126358613  -0.508430958  
1290000000  -0.545197427  -0.076728344  
1300000000  -0.301736087  0.483475029  
1310000000  0.335301399  0.447469473  
1320000000  0.510863066  -0.172459960  
1330000000  0.017960586  -0.547792792  
1340000000  -0.511435211  -0.275026977  
1350000000  -0.501054645  0.329898387  
1360000000  0.100610860  0.570820868  
1370000000  0.537545800  0.054070015  
1380000000  0.197711453  -0.507074475  
1390000000  -0.410184681  -0.426536113  
1400000000  -0.615902901  0.136316344  
1410000000  -0.174293458  0.596723676  
1420000000  0.457453161  0.321570456  
1430000000  0.377339900  -0.366156518  
1440000000  -0.246700868  -0.523777127  
1450000000  -0.645082951  -0.072414413  
1460000000  -0.443605930  0.509053111  
1470000000  0.220795095  0.577681541  
1480000000  0.506502986  -0.074412592  
1490000000  -0.025339987  -0.511105597  
1500000000  -0.573505998  -0.202735096  
1510000000  -0.552371681  0.403395981  
1520000000  0.013721920  0.678823650  
1530000000  0.525716305  0.236554086  
1540000000  0.255116701  -0.399179369  
1550000000  -0.395240724  -0.335638821  
1560000000  -0.566811025  0.256438047  
1570000000  -0.106903285  0.655619621  
1580000000  0.466311842  0.384035051  
1590000000  0.403244227  -0.261466980  
1600000000  -0.217870414  -0.392064750  
1610000000  -0.529324293  0.127627984  
1620000000  -0.168464571  0.596012473  
1630000000  0.409196466  0.439734459  
1640000000  0.471114397  -0.161094934  
1650000000  -0.067097053  -0.415403157  
1660000000  -0.473307878  -0.000262838  
1670000000  -0.221974611  0.514497101  
1680000000  0.349631667  0.454321891  
1690000000  0.494378954  -0.103208758  
1700000000  0.033985026  -0.433373868  
1710000000  -0.437155277  -0.131790221  
1720000000  -0.324701160  0.419912696  
1730000000  0.241606876  0.504389048  
1740000000  0.517276466  -0.000250643  
1750000000  0.156595379  -0.430973649  
1760000000  -0.372380137  -0.276231438  
1770000000  -0.442281872  0.275635689  
1780000000  0.063480712  0.548229098  
1790000000  0.497074962  0.149766564  
1800000000  0.269353718  -0.383532256  
1810000000  -0.293755949  -0.382393599  
1820000000  -0.536479890  0.120945260  
1830000000  -0.177618086  0.569342613  
1840000000  0.401033908  0.404232144  
1850000000  0.441778541  -0.205436617  
1860000000  -0.104896955  -0.448385477  
1870000000  -0.533332765  -0.053810138  
1880000000  -0.370612711  0.499817848  
1890000000  0.208784759  0.605307639  
1900000000  0.555359304  0.105306014  
1910000000  0.212517977  -0.413544536  
1920000000  -0.392930925  -0.280944377  
1930000000  -0.504733503  0.314751238  
1940000000  -0.030717399  0.666184604  
1950000000  0.497615814  0.407965511  
1960000000  0.495714635  -0.190154195  
1970000000  -0.079646036  -0.420803905  
1980000000  -0.491713285  0.056152482  
1990000000  -0.185607180  0.586223662  
2000000000  0.423921794  0.509140968  
2010000000  0.598658800  -0.038549602  
2020000000  0.182462513  -0.445105284  
2030000000  -0.375975937  -0.204664633  
2040000000  -0.320532709  0.406445801  
2050000000  0.250960261  0.536201537  
2060000000  0.565594673  0.083948612  
2070000000  0.294236928  -0.377013564  
2080000000  -0.251348108  -0.306343079  
2090000000  -0.361330330  0.247923538  
2100000000  0.128332540  0.502168715  
2110000000  0.504209578  0.148939878  
2120000000  0.336603433  -0.311620384  
2130000000  -0.158958882  -0.342400759  
2140000000  -0.359851241  0.129408732  
2150000000  0.040871091  0.447058588  
2160000000  0.439736933  0.165116653  
2170000000  0.318246722  -0.288791925  
2180000000  -0.155065909  -0.354810029  
2190000000  -0.400722057  0.076591164  
2200000000  -0.068325356  0.455063194  
2210000000  0.386703700  0.266735852  
2220000000  0.367394060  -0.215558037  
2230000000  -0.099619918  -0.382909328  
2240000000  -0.444774926  0.004791847  
2250000000  -0.211565942  0.476779133  
2260000000  0.300691217  0.454820842  
2270000000  0.499029666  -0.004753107  
2280000000  0.158981323  -0.393298328  
2290000000  -0.362276852  -0.217190251  
2300000000  -0.376355827  0.344980836  
2310000000  0.117205411  0.560419023  
2320000000  0.508040786  0.233315676  
2330000000  0.400015056  -0.272998154  
2340000000  -0.153931916  -0.394597799  
2350000000  -0.471344650  0.121583544  
2360000000  -0.105581321  0.576645494  
2370000000  0.409051061  0.463584900  
2380000000  0.574182987  -0.009771320  
2390000000  0.225460902  -0.419135928  
2400000000  -0.353837490  -0.222253785  
2410000000  -0.305860490  0.412813544  
2420000000  0.247967303  0.551229954  
2430000000  0.586633742  0.183101237  
2440000000  0.474444866  -0.295906961  
2450000000  -0.055587001  -0.453749418  
2460000000  -0.417980224  0.063502431  
2470000000  0.003032934  0.519830585  
2480000000  0.492092073  0.307642758  
2490000000  0.543580532  -0.167754441  
2500000000  0.152774230  -0.473023862  
2510000000  -0.345450997  -0.208742142  
2520000000  -0.198015064  0.370638281  
2530000000  0.341084898  0.362737775  
2540000000  0.514834821  -0.071735717  
2550000000  0.227719590  -0.424338818  
2560000000  -0.252089828  -0.313512862  
2570000000  -0.295639575  0.210519418  
2580000000  0.173102602  0.365898162  
2590000000  0.429361314  0.014985196  
2600000000  0.217003852  -0.341216326  
2610000000  -0.218295038  -0.272697061  
2620000000  -0.281861067  0.189274892  
2630000000  0.129458532  0.359982610  
2640000000  0.397241771  0.054378297  
2650000000  0.218616202  -0.303012609  
2660000000  -0.215071440  -0.255279541  
2670000000  -0.293416828  0.207318917  
2680000000  0.114269935  0.404138267  
2690000000  0.422619998  0.129180983  
2700000000  0.314840734  -0.264341593  
2710000000  -0.137065858  -0.327246934  
2720000000  -0.344802678  0.137280539  
2730000000  0.039201371  0.453448445  
2740000000  0.432010949  0.255568773  
2750000000  0.464469373  -0.158581421  
2760000000  0.088351980  -0.419079602  
2770000000  -0.357807994  -0.112590358  
2780000000  -0.154380530  0.416904271  
2790000000  0.340930760  0.401252687  
2800000000  0.549172521  0.024065226  
2810000000  0.357550114  -0.372225940  
2820000000  -0.168724954  -0.391392857  
2830000000  -0.337226927  0.202136725  
2840000000  0.179260090  0.461860090  
2850000000  0.542670667  0.161798269  
2860000000  0.520467997  -0.264774084  
2870000000  0.134923220  -0.532852650  
2880000000  -0.374805689  -0.257135481  
2890000000  -0.201124415  0.368130505  
2900000000  0.369501978  0.341006130  
2910000000  0.556117535  -0.095260412  
2920000000  0.312521100  -0.483896315  
2930000000  -0.213298425  -0.480368614  
2940000000  -0.422969282  0.106727697  
2950000000  0.100370303  0.433504552  
2960000000  0.504013300  0.101728775  
2970000000  0.421854854  -0.355567247  
2980000000  -0.025532912  -0.531987190  
2990000000  -0.422760189  -0.156832129  
3000000000  -0.157882303  0.348276556  
3010000000  0.332604885  0.240451321  
3020000000  0.413177192  -0.181199655  
3030000000  0.080332696  -0.441596031  
3040000000  -0.330691278  -0.213692367  
3050000000  -0.217776909  0.267932057  
3060000000  0.230134785  0.289495826  
3070000000  0.395296514  -0.065348096  
3080000000  0.145739973  -0.355925918  
3090000000  -0.245417044  -0.200645402  
3100000000  -0.172951624  0.239014149  
3110000000  0.237402827  0.274162143  
3120000000  0.406992853  -0.052919090  
3130000000  0.185417488  -0.349171251  
3140000000  -0.214975178  -0.228306592  
3150000000  -0.176607728  0.229461908  
3160000000  0.251235783  0.295757145  
3170000000  0.460066378  -0.028339829  
3180000000  0.286080480  -0.368717104  
3190000000  -0.152579695  -0.357131958  
3200000000  -0.266979694  0.139739871  
3210000000  0.189664066  0.343558669  
3220000000  0.499465972  0.041971985  
3230000000  0.420573980  -0.351386756  
3240000000  0.013810301  -0.520392537  
3250000000  -0.375172168  -0.152179837  
3260000000  -0.073739447  0.349130601  
3270000000  0.425359905  0.203831658  
3280000000  0.512780070  -0.230662510  
3290000000  0.215932727  -0.549575865  
3300000000  -0.279984295  -0.458046764  
3310000000  -0.382204682  0.136123016  
3320000000  0.181930423  0.361501962  
3330000000  0.517478764  -0.033938091  
3340000000  0.366049081  -0.468898118  
3350000000  -0.094856679  -0.598240674  
3360000000  -0.487667680  -0.199627221  
3370000000  -0.204825014  0.356989980  
3380000000  0.369499534  0.238256633  
3390000000  0.466057390  -0.261031687  
3400000000  0.102368303  -0.576121569  
3410000000  -0.389496863  -0.402380198  
3420000000  -0.424059331  0.180786759  
3430000000  0.124205761  0.387696207  
3440000000  0.464819163  -0.011504650  
3450000000  0.272581697  -0.449774742  
3460000000  -0.214369103  -0.480918020  
3470000000  -0.453581542  -0.007499806  
3480000000  -0.072901577  0.377469718  
3490000000  0.374966860  0.166513190  
3500000000  0.366169512  -0.278018653  
3510000000  -0.033037808  -0.454528630  
3520000000  -0.356867224  -0.121504433  
3530000000  -0.117069215  0.290331632  
3540000000  0.312263578  0.190969512  
3550000000  0.380977035  -0.197116047  
3560000000  0.069318287  -0.414063096  
3570000000  -0.256911755  -0.178673670  
3580000000  -0.088757336  0.209425822  
3590000000  0.310659140  0.138162166  
3600000000  0.384283364  -0.225184903  
3610000000  0.100454323  -0.448882401  
3620000000  -0.244404614  -0.265950888  
3630000000  -0.150414661  0.153125137  
3640000000  0.281854063  0.148829788  
3650000000  0.409291357  -0.229360402  
3660000000  0.146262363  -0.505768895  
3670000000  -0.246855170  -0.406354278  
3680000000  -0.313818574  0.049498487  
3690000000  0.142495558  0.241270408  
3700000000  0.434493005  -0.123934343  
3710000000  0.247245207  -0.504648566  
3720000000  -0.167840585  -0.547461450  
3730000000  -0.439257115  -0.178326473  
3740000000  -0.162490845  0.263706625  
3750000000  0.352032542  0.100035384  
3760000000  0.353212833  -0.393508106  
3770000000  -0.043468121  -0.600753844  
3780000000  -0.435916930  -0.381979287  
3790000000  -0.452143133  0.114628755  
3800000000  0.052199721  0.348573357  
3810000000  0.427761942  -0.069433123  
3820000000  0.183656469  -0.519361675  
3830000000  -0.288946569  -0.504923701  
3840000000  -0.519994259  -0.084042579  
3850000000  -0.231932357  0.352258176  
3860000000  0.316563517  0.236154094  
3870000000  0.379214466  -0.306519926  
3880000000  -0.063121185  -0.542647660  
3890000000  -0.453240067  -0.263807565  
3900000000  -0.383897454  0.226455972  
3910000000  0.121823639  0.376333207  
3920000000  0.447070807  -0.044529445  
3930000000  0.189433441  -0.470368207  
3940000000  -0.270280749  -0.407211006  
3950000000  -0.399930865  0.035943195  
3960000000  -0.021907778  0.335495889  
3970000000  0.392731220  0.081089050  
3980000000  0.307993412  -0.363553613  
3990000000  -0.097645961  -0.449379593  
4000000000  -0.324280471  -0.112639263  
