!Trace Data File
!Measurement: Smith Chart
!Data Points: 391
!温度：27
#Freq/Hz  Real  Image
110000000  0.849496782  -0.549671113  
120000000  -0.172806680  -1.013214588  
130000000  -0.983822107  -0.208517760  
140000000  -0.525293589  0.822194517  
150000000  0.575007081  0.787185252  
160000000  0.977217913  -0.243320033  
170000000  0.165961772  -1.023447156  
180000000  -0.866682589  -0.542908430  
190000000  -0.794775784  0.580671072  
200000000  0.258051097  0.931133151  
210000000  0.987119734  0.083249070  
220000000  0.470510274  -0.916406989  
230000000  -0.645508468  -0.801871538  
240000000  -0.963921964  0.243076861  
250000000  -0.150277063  0.948824704  
260000000  0.839467168  0.480012894  
270000000  0.771848321  -0.641667247  
280000000  -0.293963909  -0.973381102  
290000000  -0.977668941  -0.165616691  
300000000  -0.574316382  0.764178038  
310000000  0.454180717  0.826253653  
320000000  0.943674624  -0.153083727  
330000000  0.157322183  -0.952521563  
340000000  -0.817782104  -0.478510857  
350000000  -0.734196901  0.548542380  
360000000  0.221367821  0.869494975  
370000000  0.894476235  0.084907889  
380000000  0.375137597  -0.831437051  
390000000  -0.646901071  -0.636338770  
400000000  -0.820750892  0.345269322  
410000000  -0.013947815  0.877416730  
420000000  0.809102535  0.351164430  
430000000  0.637913287  -0.634181082  
440000000  -0.354424119  -0.821286738  
450000000  -0.870303690  0.017861484  
460000000  -0.313139230  0.790860832  
470000000  0.614619672  0.607520282  
480000000  0.840573907  -0.324743807  
490000000  0.057910390  -0.914815009  
500000000  -0.793515444  -0.419088483  
510000000  -0.656684935  0.551104724  
520000000  0.295839190  0.790921152  
530000000  0.873092294  -0.000290229  
540000000  0.369768679  -0.828028917  
550000000  -0.579403937  -0.704268336  
560000000  -0.855583131  0.213850111  
570000000  -0.094319336  0.843399405  
580000000  0.785525918  0.340661645  
590000000  0.614904642  -0.652405620  
600000000  -0.335534304  -0.857328892  
610000000  -0.902136981  -0.097352609  
620000000  -0.435616463  0.755453587  
630000000  0.581111252  0.628476202  
640000000  0.790160716  -0.400126189  
650000000  -0.075119764  -0.918902636  
660000000  -0.850475788  -0.372640729  
670000000  -0.714664042  0.553250253  
680000000  0.231257483  0.841916621  
690000000  0.871968746  -0.005852749  
700000000  0.239558980  -0.867629886  
710000000  -0.714224517  -0.576677740  
720000000  -0.839860022  0.345191956  
730000000  -0.071250536  0.880971968  
740000000  0.785823464  0.363002151  
750000000  0.563966513  -0.661844134  
760000000  -0.448329329  -0.758336365  
770000000  -0.873855710  0.079031587  
780000000  -0.322561651  0.799054384  
790000000  0.595044613  0.600689650  
800000000  0.749650717  -0.378479928  
810000000  -0.139321163  -0.829850852  
820000000  -0.821489632  -0.180834591  
830000000  -0.509234786  0.659592092  
840000000  0.386615723  0.728549480  
850000000  0.816254675  -0.090109333  
860000000  0.202536464  -0.793974936  
870000000  -0.652790368  -0.488439351  
880000000  -0.696422100  0.396874338  
890000000  0.109712683  0.783550262  
900000000  0.774880707  0.164537892  
910000000  0.439132065  -0.668337286  
920000000  -0.424735218  -0.683947802  
930000000  -0.790326059  0.081514046  
940000000  -0.215246245  0.744175911  
950000000  0.641430855  0.418328702  
960000000  0.606065929  -0.489812136  
970000000  -0.195765167  -0.779750943  
980000000  -0.783606350  -0.221139297  
990000000  -0.549796045  0.582378328  
1000000000  0.358018249  0.683199584  
1010000000  0.739816070  -0.182532176  
1020000000  0.073590085  -0.786049128  
1030000000  -0.680149257  -0.462172687  
1040000000  -0.760306716  0.338500410  
1050000000  -0.026368460  0.812758029  
1060000000  0.743298411  0.225780368  
1070000000  0.380340844  -0.675363302  
1080000000  -0.499389559  -0.645339489  
1090000000  -0.846441209  0.088414162  
1100000000  -0.366938382  0.777957201  
1110000000  0.559142411  0.615204275  
1120000000  0.687087774  -0.388662398  
1130000000  -0.202336386  -0.777578056  
1140000000  -0.833300173  -0.169172928  
1150000000  -0.601288795  0.651436746  
1160000000  0.291254729  0.828919470  
1170000000  0.824508727  -0.005323566  
1180000000  0.186025262  -0.768598855  
1190000000  -0.680839777  -0.449435502  
1200000000  -0.745157242  0.432349443  
1210000000  0.046812672  0.872619152  
1220000000  0.788493633  0.265527129  
1230000000  0.447701961  -0.640469432  
1240000000  -0.473845869  -0.621389508  
1250000000  -0.794497192  0.198475599  
1260000000  -0.164850488  0.824419677  
1270000000  0.677503645  0.458062381  
1280000000  0.624511242  -0.454206318  
1290000000  -0.205871195  -0.727075994  
1300000000  -0.770002484  -0.101938739  
1310000000  -0.406169772  0.686293304  
1320000000  0.505139947  0.598136127  
1330000000  0.686297476  -0.290934712  
1340000000  -0.027297433  -0.738098025  
1350000000  -0.695085824  -0.322071791  
1360000000  -0.629817784  0.481917679  
1370000000  0.210155994  0.751330137  
1380000000  0.729960680  -0.013303480  
1390000000  0.187585324  -0.689137936  
1400000000  -0.565664053  -0.493386805  
1410000000  -0.755527735  0.241962165  
1420000000  -0.133728758  0.784241498  
1430000000  0.657400966  0.330050677  
1440000000  0.426639944  -0.544598281  
1450000000  -0.378442526  -0.626380920  
1460000000  -0.799764633  -0.014040509  
1470000000  -0.485210747  0.683058143  
1480000000  0.373786300  0.707669973  
1490000000  0.677098334  -0.176585957  
1500000000  -0.062585644  -0.681380272  
1510000000  -0.729087114  -0.234750912  
1520000000  -0.660141647  0.526314557  
1530000000  0.068618156  0.857140899  
1540000000  0.733637810  0.276797265  
1550000000  0.378941387  -0.577328742  
1560000000  -0.497300804  -0.511321187  
1570000000  -0.763204634  0.265619606  
1580000000  -0.200595126  0.845285714  
1590000000  0.610973597  0.581562459  
1600000000  0.673165262  -0.320756316  
1610000000  -0.162964568  -0.672561288  
1620000000  -0.759081006  -0.032866281  
1630000000  -0.415047616  0.739322007  
1640000000  0.440552026  0.744555235  
1650000000  0.791152239  -0.058965299  
1660000000  0.170185745  -0.687529683  
1670000000  -0.631942689  -0.336328208  
1680000000  -0.594840586  0.532270610  
1690000000  0.235987917  0.806796730  
1700000000  0.780829012  0.122536145  
1710000000  0.349286735  -0.612678409  
1720000000  -0.475537658  -0.493659049  
1730000000  -0.675914228  0.316068321  
1740000000  0.033482395  0.792002261  
1750000000  0.710459590  0.265916377  
1760000000  0.449033797  -0.510671794  
1770000000  -0.326700330  -0.565075636  
1780000000  -0.689505577  0.111635052  
1790000000  -0.181338266  0.720520854  
1800000000  0.582636714  0.413859010  
1810000000  0.502875745  -0.388452649  
1820000000  -0.231556550  -0.567722917  
1830000000  -0.671723962  0.007554781  
1840000000  -0.331658781  0.651603937  
1850000000  0.425424874  0.580658436  
1860000000  0.606836617  -0.175272197  
1870000000  -0.040010922  -0.575784266  
1880000000  -0.621931732  -0.136861756  
1890000000  -0.472788572  0.553447247  
1900000000  0.217475981  0.725558698  
1910000000  0.674718916  0.147239834  
1920000000  0.292340100  -0.509699523  
1930000000  -0.459744543  -0.374038994  
1940000000  -0.607717454  0.350484490  
1950000000  -0.039632898  0.777365625  
1960000000  0.595497310  0.483135700  
1970000000  0.631105602  -0.232848138  
1980000000  -0.049726587  -0.576401591  
1990000000  -0.626672626  -0.024733409  
2000000000  -0.268311471  0.705095172  
2010000000  0.472513199  0.645457625  
2020000000  0.755093396  -0.003892603  
2030000000  0.322253078  -0.581186473  
2040000000  -0.442846298  -0.431570500  
2050000000  -0.577324212  0.384196490  
2060000000  0.140907109  0.762793243  
2070000000  0.719753563  0.282991230  
2080000000  0.574233234  -0.418421835  
2090000000  -0.142459482  -0.627214670  
2100000000  -0.661746323  -0.002667082  
2110000000  -0.212752998  0.708686769  
2120000000  0.560322404  0.525498986  
2130000000  0.706456780  -0.188702717  
2140000000  0.154545799  -0.651566207  
2150000000  -0.551342249  -0.348453343  
2160000000  -0.513738573  0.475294918  
2170000000  0.281899452  0.678309560  
2180000000  0.704513907  0.043608546  
2190000000  0.310486227  -0.568326533  
2200000000  -0.424541950  -0.462370187  
2210000000  -0.602169693  0.289018571  
2220000000  0.050755724  0.697738409  
2230000000  0.622467101  0.239746183  
2240000000  0.398584098  -0.439233363  
2250000000  -0.337121993  -0.455321282  
2260000000  -0.573559225  0.252260238  
2270000000  -0.003331274  0.678499043  
2280000000  0.563916802  0.340289682  
2290000000  0.495978653  -0.306212306  
2300000000  -0.170968249  -0.496971190  
2310000000  -0.565977573  0.113346353  
2320000000  -0.116861276  0.641906857  
2330000000  0.482296795  0.450421095  
2340000000  0.578731954  -0.152289391  
2350000000  0.022296287  -0.518442452  
2360000000  -0.541593552  -0.049633648  
2370000000  -0.239895776  0.598004162  
2380000000  0.384104431  0.570135176  
2390000000  0.656332910  0.068233043  
2400000000  0.357491493  -0.458821386  
2410000000  -0.351063251  -0.380435944  
2420000000  -0.439016461  0.390042752  
2430000000  0.208754689  0.641346455  
2440000000  0.644235849  0.249330968  
2450000000  0.579173684  -0.308053166  
2460000000  0.005662607  -0.588036597  
2470000000  -0.555668175  -0.060305893  
2480000000  -0.136716142  0.615916431  
2490000000  0.517452836  0.447352737  
2500000000  0.676384926  -0.110267863  
2510000000  0.311098307  -0.572751462  
2520000000  -0.378796399  -0.470669806  
2530000000  -0.502463162  0.333726197  
2540000000  0.223679662  0.611328840  
2550000000  0.660534084  0.129736915  
2560000000  0.497718871  -0.441896766  
2570000000  -0.115664132  -0.631322861  
2580000000  -0.620553613  -0.074801482  
2590000000  -0.207130343  0.602009296  
2600000000  0.479710847  0.436922789  
2610000000  0.620037973  -0.171885267  
2620000000  0.157833859  -0.606065035  
2630000000  -0.513962507  -0.339795530  
2640000000  -0.447915554  0.439895302  
2650000000  0.255956233  0.583533823  
2660000000  0.622525871  0.073223121  
2670000000  0.349787652  -0.486462146  
2680000000  -0.356467098  -0.451792568  
2690000000  -0.502377331  0.307919115  
2700000000  0.140514597  0.597959638  
2710000000  0.579959571  0.197937116  
2720000000  0.450935364  -0.362884015  
2730000000  -0.201476827  -0.486588538  
2740000000  -0.481218874  0.213986203  
2750000000  0.109247454  0.569648743  
2760000000  0.552931249  0.235428333  
2770000000  0.505271971  -0.280657560  
2780000000  -0.050871756  -0.510023355  
2790000000  -0.470409244  0.080145903  
2800000000  0.042808488  0.547154665  
2810000000  0.527561605  0.283910602  
2820000000  0.563889503  -0.203149945  
2830000000  0.131208107  -0.530709267  
2840000000  -0.433864027  -0.142324641  
2850000000  -0.072429337  0.489900708  
2860000000  0.491427124  0.311442584  
2870000000  0.598526776  -0.167762861  
2880000000  0.274228007  -0.554516435  
2890000000  -0.341832191  -0.444499403  
2900000000  -0.393951833  0.309863925  
2910000000  0.288682699  0.469502270  
2920000000  0.613658845  0.005894993  
2930000000  0.428465784  -0.481017083  
2940000000  -0.144639567  -0.615036428  
2950000000  -0.572679996  -0.018166473  
2960000000  -0.042426743  0.551069021  
2970000000  0.545530915  0.245822430  
2980000000  0.557276428  -0.315968364  
2990000000  0.107106529  -0.645711780  
3000000000  -0.495821178  -0.392869234  
3010000000  -0.457490981  0.362513393  
3020000000  0.239294708  0.516759634  
3030000000  0.595425308  0.036992416  
3040000000  0.395924866  -0.484323263  
3050000000  -0.225550383  -0.593670249  
3060000000  -0.609693050  0.049789518  
3070000000  -0.083508730  0.585464776  
3080000000  0.500497103  0.337145507  
3090000000  0.586265206  -0.215364188  
3100000000  0.142386168  -0.615724683  
3110000000  -0.521973610  -0.308985919  
3120000000  -0.338807821  0.470707238  
3130000000  0.351498663  0.485614717  
3140000000  0.628182054  -0.009808009  
3150000000  0.383098274  -0.509361327  
3160000000  -0.287795842  -0.526054084  
3170000000  -0.472211808  0.253152847  
3180000000  0.212763280  0.517526507  
3190000000  0.604646385  0.092948154  
3200000000  0.483442843  -0.410595983  
3210000000  -0.077476203  -0.590760887  
3220000000  -0.478872210  0.023202948  
3230000000  0.108366221  0.466002375  
3240000000  0.561029315  0.094869599  
3250000000  0.474377900  -0.396323264  
3260000000  -0.022568297  -0.597590625  
3270000000  -0.465562940  -0.105382420  
3280000000  0.007467018  0.423911095  
3290000000  0.517984927  0.114716180  
3300000000  0.473368376  -0.383442253  
3310000000  0.022205150  -0.622427583  
3320000000  -0.474182725  -0.259041697  
3330000000  -0.187318251  0.385526597  
3340000000  0.439628541  0.224378824  
3350000000  0.506880283  -0.313374549  
3360000000  0.103791416  -0.638272047  
3370000000  -0.446896553  -0.431084186  
3380000000  -0.447707146  0.261600524  
3390000000  0.232449189  0.426788181  
3400000000  0.558363616  -0.089336298  
3410000000  0.285320908  -0.570532322  
3420000000  -0.298471838  -0.583158493  
3430000000  -0.598261118  0.019405175  
3440000000  -0.083946548  0.522595227  
3450000000  0.506616235  0.219641015  
3460000000  0.492706209  -0.372330278  
3470000000  -0.024170540  -0.655667126  
3480000000  -0.568222702  -0.283879817  
3490000000  -0.392152548  0.418568403  
3500000000  0.300643176  0.477418482  
3510000000  0.609191120  -0.055787582  
3520000000  0.326466918  -0.566486835  
3530000000  -0.308903933  -0.569212556  
3540000000  -0.573953092  0.109574743  
3550000000  0.018785512  0.555251598  
3560000000  0.569484472  0.208948061  
3570000000  0.553617656  -0.363146454  
3580000000  0.063130111  -0.669825017  
3590000000  -0.511921763  -0.321925521  
3600000000  -0.298611701  0.412026763  
3610000000  0.417909890  0.360664219  
3620000000  0.607809722  -0.207091287  
3630000000  0.264760971  -0.629054606  
3640000000  -0.317001164  -0.557339489  
3650000000  -0.487763613  0.115084410  
3660000000  0.181878746  0.417282730  
3670000000  0.569177449  -0.089897707  
3680000000  0.319718242  -0.570352376  
3690000000  -0.211274490  -0.605072141  
3700000000  -0.504714787  -0.077551641  
3710000000  -0.000321811  0.375043571  
3720000000  0.494018257  -0.029196508  
3730000000  0.302653164  -0.534157693  
3740000000  -0.190214515  -0.603217185  
3750000000  -0.509367049  -0.177135810  
3760000000  -0.171453074  0.329008698  
3770000000  0.405941933  0.078856640  
3780000000  0.307306141  -0.475091308  
3790000000  -0.182093754  -0.593805194  
3800000000  -0.530464351  -0.221470356  
3810000000  -0.328090400  0.311607212  
3820000000  0.298120439  0.280584127  
3830000000  0.424160838  -0.313775837  
3840000000  -0.039590359  -0.606895268  
3850000000  -0.492508888  -0.342801929  
3860000000  -0.479396641  0.212663040  
3870000000  0.090699747  0.450604886  
3880000000  0.515628278  -0.034751289  
3890000000  0.211367413  -0.562332451  
3900000000  -0.353553116  -0.502481520  
3910000000  -0.564845324  0.029499063  
3920000000  -0.152602673  0.490393549  
3930000000  0.471826434  0.277254373  
3940000000  0.505544484  -0.368371844  
3950000000  -0.029111056  -0.649034441  
3960000000  -0.514743507  -0.312405407  
3970000000  -0.425921589  0.310852140  
3980000000  0.236014962  0.483091623  
3990000000  0.633450210  -0.071867034  
4000000000  0.322589397  -0.614625692  
